x<-23
测试