x<-232
x
x+23
#edit

y<-1