y <- 20






ih8u