x<-42424
y<-2424
x+y