x<-42424
y<-2424
z<-x+y
z