x<-42424

adsf


x



y<-2424
x+y