x<-42424




x



y<-2424
x+y