x<-42424


asdf

x
asdf


y<-2424
x+y