x<-42424


asdf

x



y<-2424
x+y